Matrix A:
     -8.80000000      0.70000000      4.50000000      3.00000000
     -2.00000000     -0.40000000      9.70000000      8.60000000
     -9.70000000     -9.50000000      3.80000000     -3.50000000
     -7.10000000      1.60000000      1.40000000      2.90000000

Step 1
Swapping lines 1 and 3
L:
     -9.70000000      0.00000000      0.00000000      0.00000000
     -2.00000000      0.00000000      0.00000000      0.00000000
     -8.80000000      0.00000000      0.00000000      0.00000000
     -7.10000000      0.00000000      0.00000000      0.00000000

U:
      1.00000000      0.97938144     -0.39175258      0.36082474
      0.00000000      1.55876289      8.91649485      9.32164948
      0.00000000      9.31855670      1.05257732      6.17525773
      0.00000000      8.55360825     -1.38144330      5.46185567

Step 2
Swapping lines 2 and 3
L:
     -9.70000000      0.00000000      0.00000000      0.00000000
     -8.80000000      9.31855670      0.00000000      0.00000000
     -2.00000000      1.55876289      0.00000000      0.00000000
     -7.10000000      8.55360825      0.00000000      0.00000000

U:
      1.00000000      0.97938144     -0.39175258      0.36082474
      0.00000000      1.00000000      0.11295497      0.66268393
      0.00000000      0.00000000      8.74042483      8.28868238
      0.00000000      0.00000000     -2.34761589     -0.20648302

Step 3
L:
     -9.70000000      0.00000000      0.00000000      0.00000000
     -8.80000000      9.31855670      0.00000000      0.00000000
     -2.00000000      1.55876289      8.74042483      0.00000000
     -7.10000000      8.55360825     -2.34761589      0.00000000

U:
      1.00000000      0.97938144     -0.39175258      0.36082474
      0.00000000      1.00000000      0.11295497      0.66268393
      0.00000000      0.00000000      1.00000000      0.94831573
      0.00000000      0.00000000      0.00000000      2.01979806

Step 4
L:
     -9.70000000      0.00000000      0.00000000      0.00000000
     -8.80000000      9.31855670      0.00000000      0.00000000
     -2.00000000      1.55876289      8.74042483      0.00000000
     -7.10000000      8.55360825     -2.34761589      2.01979806

U:
      1.00000000      0.97938144     -0.39175258      0.36082474
      0.00000000      1.00000000      0.11295497      0.66268393
      0.00000000      0.00000000      1.00000000      0.94831573
      0.00000000      0.00000000      0.00000000      1.00000000

Determinant = -1595.73540000

Computed X:
      1.00000000      2.00000000      3.00000000      4.00000000

X - X_ref:
    0.000000e+00    2.220446e-15    3.108624e-15   -2.664535e-15

P * L * U:
     -8.80000000      0.70000000      4.50000000      3.00000000
     -2.00000000     -0.40000000      9.70000000      8.60000000
     -9.70000000     -9.50000000      3.80000000     -3.50000000
     -7.10000000      1.60000000      1.40000000      2.90000000

Inverse A:
     -0.02499099      0.03244836     -0.01890226     -0.09318650
      0.37431394     -0.08680261     -0.12035329     -0.27506064
      0.43292516     -0.01169617     -0.04668318     -0.46951017
     -0.47670121      0.13298007      0.04266058      0.49509900

LU - PA:
    0.000000e+00    0.000000e+00    0.000000e+00   -4.440892e-16
    0.000000e+00   -6.661338e-16    0.000000e+00   -4.440892e-16
    0.000000e+00    2.053913e-15    0.000000e+00    0.000000e+00
    1.776357e-15   -8.881784e-16   -4.440892e-16    8.881784e-16

Ax - b:
   -3.552714e-15
    7.105427e-15
    0.000000e+00
    0.000000e+00

Cubic norm: 30.40718279
Octahedral norm: 36.78683421
Euclidean norm: 19.48983361
